50.000000 0.840465
150.000000 0.385958
250.000000 0.361283
350.000000 0.953049
450.000000 -0.022312
550.000000 0.618307
650.000000 0.695454
750.000000 0.269606
850.000000 0.483677
950.000000 -0.063384
1050.000000 -0.027518
1150.000000 0.523424
1250.000000 0.814205
1350.000000 1.625490
1450.000000 0.319744
1550.000000 0.722121
1650.000000 0.664280
1750.000000 -0.042168
1850.000000 0.646487
1950.000000 0.162882
2050.000000 1.345558
2150.000000 0.732165
2250.000000 1.261450
2350.000000 1.133054
2450.000000 1.647175
2550.000000 1.463350
2650.000000 2.141324
2750.000000 2.513065
2850.000000 3.236364
2950.000000 2.828208
3050.000000 2.477755
3150.000000 3.555657
3250.000000 5.092511
3350.000000 4.791224
3450.000000 6.384939
3550.000000 6.774735
3650.000000 7.969565
3750.000000 7.061951
3850.000000 8.106059
3950.000000 7.793130
4050.000000 9.394000
4150.000000 8.217359
4250.000000 7.945627
4350.000000 6.284464
4450.000000 5.792096
4550.000000 5.122856
4650.000000 4.986278
4750.000000 3.788602
4850.000000 3.655465
4950.000000 2.057821
5050.000000 2.379701
5150.000000 1.864908
5250.000000 1.284128
5350.000000 1.922965
5450.000000 1.638244
5550.000000 1.372756
5650.000000 0.666864
5750.000000 1.568007
5850.000000 1.142274
5950.000000 0.783115
6050.000000 0.838020
6150.000000 0.650810
6250.000000 -0.027324
6350.000000 0.525975
6450.000000 0.251537
6550.000000 0.147206
6650.000000 0.035124
6750.000000 0.258666
6850.000000 -0.381955
6950.000000 0.819960
7050.000000 0.609908
7150.000000 0.362370
7250.000000 0.334723
7350.000000 -0.001583
7450.000000 0.733752
7550.000000 0.239384
7650.000000 -0.017066
7750.000000 0.825459
7850.000000 0.158663
7950.000000 -0.004607
