50.000000 0.579855
150.000000 0.401384
250.000000 0.349338
350.000000 1.964693
450.000000 1.677203
550.000000 1.198984
650.000000 0.642630
750.000000 0.930947
850.000000 1.364748
950.000000 1.940394
1050.000000 1.235810
1150.000000 1.042888
1250.000000 1.688190
1350.000000 2.767316
1450.000000 3.178680
1550.000000 3.664974
1650.000000 3.963130
1750.000000 4.728674
1850.000000 5.160461
1950.000000 6.484254
2050.000000 6.286601
2150.000000 7.714025
2250.000000 7.671663
2350.000000 8.211179
2450.000000 8.702872
2550.000000 8.813549
2650.000000 7.599142
2750.000000 8.117718
2850.000000 7.227133
2950.000000 6.197638
3050.000000 5.410432
3150.000000 4.715079
3250.000000 4.073366
3350.000000 3.696130
3450.000000 3.279180
3550.000000 3.255344
3650.000000 3.266564
3750.000000 2.588582
3850.000000 2.121142
3950.000000 2.335389
4050.000000 2.045746
4150.000000 1.463098
4250.000000 2.263688
4350.000000 1.985535
4450.000000 1.938602
4550.000000 2.159867
4650.000000 2.151083
4750.000000 1.784111
4850.000000 2.306156
4950.000000 2.559769
5050.000000 2.696855
5150.000000 3.975182
5250.000000 3.241279
5350.000000 3.718228
5450.000000 3.846510
5550.000000 3.754375
5650.000000 4.139085
5750.000000 3.950748
5850.000000 4.470094
5950.000000 3.418619
6050.000000 2.753452
6150.000000 3.563659
6250.000000 3.102995
6350.000000 2.201554
6450.000000 1.406689
6550.000000 1.629952
6650.000000 1.553192
6750.000000 1.562361
6850.000000 1.183809
6950.000000 1.351074
7050.000000 1.215512
7150.000000 0.421152
7250.000000 0.463258
7350.000000 0.475649
7450.000000 0.508503
7550.000000 0.529767
7650.000000 0.619526
7750.000000 -0.713905
7850.000000 0.334753
7950.000000 1.018168
